[{"fx":1804.1605224609375,"fy":1804.1605224609375,"height":1920,"id":0,"img_name":"frame_00000.jpg","position":[0.44014158844947815,0.7338889241218567,-0.00041064104880206287],"rotation":[[-0.03587782382965088,-0.9932985305786133,0.10986849665641785],[0.7628716230392456,0.04379558563232422,0.6450651288032532],[-0.6455539464950562,0.10695904493331909,0.7561877965927124]],"width":1440},{"fx":1804.1605224609375,"fy":1804.1605224609375,"height":1920,"id":1,"img_name":"frame_00007.jpg","position":[0.4738868474960327,0.6628672480583191,-0.07219691574573517],"rotation":[[-0.04307448863983154,-0.9845988750457764,0.16943930089473724],[0.8283165693283081,0.05962991714477539,0.5570780634880066],[-0.5586020350456238,0.16434527933597565,0.8129910230636597]],"width":1440},{"fx":1804.1605224609375,"fy":1804.1605224609375,"height":1920,"id":2,"img_name":"frame_00013.jpg","position":[0.3859623372554779,0.5857986807823181,-0.07932231575250626],"rotation":[[-0.004490852355957031,-0.9839548468589783,0.17836153507232666],[0.8625521063804626,0.08643203973770142,0.4985312521457672],[-0.5059483647346497,0.15608492493629456,0.8483240604400635]],"width":1440},{"fx":1804.1605224609375,"fy":1804.1605224609375,"height":1920,"id":3,"img_name":"frame_00019.jpg","position":[0.3671624958515167,0.5564698576927185,-0.10117317736148834],"rotation":[[0.00296705961227417,-0.9799429774284363,0.19925610721111298],[0.8839309811592102,0.09574466943740845,0.45771071314811707],[-0.46760809421539307,0.1747705638408661,0.8664859533309937]],"width":1440},{"fx":1804.1605224609375,"fy":1804.1605224609375,"height":1920,"id":4,"img_name":"frame_00026.jpg","position":[0.3698691427707672,0.5478125214576721,-0.11687356233596802],"rotation":[[0.0064754486083984375,-0.978459358215332,0.20633776485919952],[0.8953169584274292,0.09757602214813232,0.43461060523986816],[-0.4453824758529663,0.18192343413829803,0.8766632080078125]],"width":1440},{"fx":1804.1605224609375,"fy":1804.1605224609375,"height":1920,"id":5,"img_name":"frame_00032.jpg","position":[0.3674830496311188,0.5457421541213989,-0.11876214295625687],"rotation":[[0.010821640491485596,-0.9799931049346924,0.19873753190040588],[0.898080587387085,0.09692007303237915,0.4290196895599365],[-0.4396979510784149,0.17383958399295807,0.8811614513397217]],"width":1440},{"fx":1804.1605224609375,"fy":1804.1605224609375,"height":1920,"id":6,"img_name":"frame_00038.jpg","position":[0.3361627459526062,0.4599456489086151,-0.11447739601135254],"rotation":[[0.04800683259963989,-0.9772142767906189,0.20675501227378845],[0.9281743168830872,0.1201203465461731,0.3522265553474426],[-0.3690362870693207,0.17499542236328125,0.9127917885780334]],"width":1440},{"fx":1804.1605224609375,"fy":1804.1605224609375,"height":1920,"id":7,"img_name":"frame_00044.jpg","position":[0.31024298071861267,0.3806465268135071,-0.10756326466798782],"rotation":[[0.05951344966888428,-0.9824079871177673,0.17701120674610138],[0.9546809792518616,0.1078188419342041,0.2774159908294678],[-0.2916208505630493,0.1524791568517685,0.9443026185035706]],"width":1440},{"fx":1804.1605224609375,"fy":1804.1605224609375,"height":1920,"id":8,"img_name":"frame_00051.jpg","position":[0.3007707893848419,0.26750999689102173,-0.12658901512622833],"rotation":[[0.06368720531463623,-0.9796082377433777,0.190556138753891],[0.9779291749000549,0.09933388233184814,0.18381313979625702],[-0.19899356365203857,0.1746438592672348,0.964313805103302]],"width":1440},{"fx":1804.1605224609375,"fy":1804.1605224609375,"height":1920,"id":9,"img_name":"frame_00057.jpg","position":[0.2921896278858185,0.12595053017139435,-0.1514158844947815],"rotation":[[0.07194656133651733,-0.9714868068695068,0.225913867354393],[0.9903451204299927,0.09648865461349487,0.09953156858682632],[-0.11849172413349152,0.21657174825668335,0.9690492153167725]],"width":1440},{"fx":1804.1605224609375,"fy":1804.1605224609375,"height":1920,"id":10,"img_name":"frame_00063.jpg","position":[0.3524187207221985,0.04096430167555809,-0.18049457669258118],"rotation":[[0.05647170543670654,-0.976675808429718,0.20716002583503723],[0.9967289566993713,0.06716471910476685,0.04494674503803253],[-0.05781225115060806,0.20394417643547058,0.9772740006446838]],"width":1440},{"fx":1804.1605224609375,"fy":1804.1605224609375,"height":1920,"id":11,"img_name":"frame_00069.jpg","position":[0.5590523481369019,0.11687436699867249,-0.1951560080051422],"rotation":[[-0.004389643669128418,-0.981354296207428,0.19215792417526245],[0.9901801943778992,0.022584974765777588,0.13796143233776093],[-0.13972893357276917,0.1908765286207199,0.9716182351112366]],"width":1440},{"fx":1804.1605224609375,"fy":1804.1605224609375,"height":1920,"id":12,"img_name":"frame_00075.jpg","position":[0.7417395710945129,0.18667306005954742,-0.24155205488204956],"rotation":[[-0.08119475841522217,-0.9604822993278503,0.2662353515625],[0.976871907711029,-0.023674607276916504,0.21251070499420166],[-0.19780975580215454,0.2773325741291046,0.9401903748512268]],"width":1440},{"fx":1804.1605224609375,"fy":1804.1605224609375,"height":1920,"id":13,"img_name":"frame_00081.jpg","position":[0.8332037329673767,0.12969614565372467,-0.29952651262283325],"rotation":[[-0.08625388145446777,-0.9330039024353027,0.3493766486644745],[0.9856529235839844,-0.028847217559814453,0.16630129516124725],[-0.14508119225502014,0.3587082624435425,0.9221062064170837]],"width":1440},{"fx":1804.1605224609375,"fy":1804.1605224609375,"height":1920,"id":14,"img_name":"frame_00087.jpg","position":[0.8434765934944153,-0.009525111876428127,-0.2975391745567322],"rotation":[[-0.02235579490661621,-0.9054619669914246,0.42383819818496704],[0.9950259327888489,0.021013259887695313,0.09737507998943329],[-0.0970756858587265,0.4239068627357483,0.9004883766174316]],"width":1440},{"fx":1804.1605224609375,"fy":1804.1605224609375,"height":1920,"id":15,"img_name":"frame_00093.jpg","position":[0.7805257439613342,-0.19122645258903503,-0.24554048478603363],"rotation":[[0.018388092517852783,-0.9260789155960083,0.37688153982162476],[0.9984291791915894,0.03696107864379883,0.04210789501667023],[-0.05292518436908722,0.3755152225494385,0.9253038763999939]],"width":1440},{"fx":1804.1605224609375,"fy":1804.1605224609375,"height":1920,"id":16,"img_name":"frame_00099.jpg","position":[0.7171429991722107,-0.37688833475112915,-0.20120222866535187],"rotation":[[-0.0029740333557128906,-0.9343007802963257,0.3564733862876892],[0.9990031719207764,0.01310187578201294,0.04267403483390808],[-0.0445408821105957,0.3562449514865875,0.9333304166793823]],"width":1440},{"fx":1804.1605224609375,"fy":1804.1605224609375,"height":1920,"id":17,"img_name":"frame_00105.jpg","position":[0.673958420753479,-0.5807507038116455,-0.16840215027332306],"rotation":[[-0.07782649993896484,-0.933807373046875,0.34920865297317505],[0.9941859245300293,-0.04654860496520996,0.0970955342054367],[-0.07441338896751404,0.35473495721817017,0.9320009350776672]],"width":1440},{"fx":1804.1605224609375,"fy":1804.1605224609375,"height":1920,"id":18,"img_name":"frame_00111.jpg","position":[0.5984619855880737,-0.7325377464294434,-0.11402285844087601],"rotation":[[-0.1397402286529541,-0.9328401684761047,0.33208703994750977],[0.9809404015541077,-0.08468830585479736,0.17488230764865875],[-0.1350133717060089,0.3501957058906555,0.926895022392273]],"width":1440},{"fx":1804.1605224609375,"fy":1804.1605224609375,"height":1920,"id":19,"img_name":"frame_00116.jpg","position":[0.5105605721473694,-0.8344464302062988,-0.10276177525520325],"rotation":[[-0.21309423446655273,-0.9214980006217957,0.3247034549713135],[0.9648963809013367,-0.14626896381378174,0.21812903881072998],[-0.1535114347934723,0.3597872257232666,0.9203191995620728]],"width":1440},{"fx":1804.1605224609375,"fy":1804.1605224609375,"height":1920,"id":20,"img_name":"frame_00122.jpg","position":[0.36615851521492004,-0.8593791723251343,-0.0734434723854065],"rotation":[[-0.159385085105896,-0.9463952779769897,0.28094902634620667],[0.9697833061218262,-0.09685039520263672,0.22392058372497559],[-0.18470735847949982,0.3081492781639099,0.9332348108291626]],"width":1440},{"fx":1804.1605224609375,"fy":1804.1605224609375,"height":1920,"id":21,"img_name":"frame_00128.jpg","position":[0.2199927121400833,-0.8480362296104431,-0.039441660046577454],"rotation":[[-0.0855104923248291,-0.9675427079200745,0.2378004491329193],[0.9777427315711975,-0.035593390464782715,0.2067662477493286],[-0.1915910542011261,0.25018835067749023,0.9490514397621155]],"width":1440},{"fx":1804.1605224609375,"fy":1804.1605224609375,"height":1920,"id":22,"img_name":"frame_00134.jpg","position":[0.0867113396525383,-0.8216660618782043,-0.0004618568636942655],"rotation":[[-0.019482135772705078,-0.9733417630195618,0.2285306602716446],[0.9849572777748108,0.020568013191223145,0.1715693473815918],[-0.17169605195522308,0.2284354865550995,0.9582993984222412]],"width":1440},{"fx":1804.1605224609375,"fy":1804.1605224609375,"height":1920,"id":23,"img_name":"frame_00141.jpg","position":[-0.061009231954813004,-0.7040977478027344,0.08490300923585892],"rotation":[[0.08149570226669312,-0.973041296005249,0.21575239300727844],[0.9806880950927734,0.11690235137939453,0.15679533779621124],[-0.1777903139591217,0.19880764186382294,0.9637770056724548]],"width":1440},{"fx":1804.1605224609375,"fy":1804.1605224609375,"height":1920,"id":24,"img_name":"frame_00147.jpg","position":[-0.16638804972171783,-0.596504271030426,0.10221303999423981],"rotation":[[0.11337298154830933,-0.9565401673316956,0.26865893602371216],[0.9868798851966858,0.13970255851745605,0.08094129711389542],[-0.11495594680309296,0.25595754384994507,0.9598285555839539]],"width":1440},{"fx":1804.1605224609375,"fy":1804.1605224609375,"height":1920,"id":25,"img_name":"frame_00153.jpg","position":[-0.13953793048858643,-0.32914674282073975,0.049721404910087585],"rotation":[[0.13483166694641113,-0.9886147975921631,0.0667915940284729],[0.9871784448623657,0.13983601331710815,0.07697148621082306],[-0.08543501794338226,0.05555702745914459,0.9947935938835144]],"width":1440},{"fx":1804.1605224609375,"fy":1804.1605224609375,"height":1920,"id":26,"img_name":"frame_00159.jpg","position":[0.06229763105511665,-0.08863010257482529,-0.055893827229738235],"rotation":[[0.11757737398147583,-0.9912806153297424,0.05948329344391823],[0.9918739199638367,0.12015688419342041,0.04181504622101784],[-0.04859777167439461,0.05408342555165291,0.9973531365394592]],"width":1440},{"fx":1804.1605224609375,"fy":1804.1605224609375,"height":1920,"id":27,"img_name":"frame_00165.jpg","position":[0.13380199670791626,0.1049344465136528,-0.06147086247801781],"rotation":[[0.1450716257095337,-0.985534131526947,0.0876179039478302],[0.980110228061676,0.1552620530128479,0.12360317260026932],[-0.1354188621044159,0.06794387847185135,0.9884560704231262]],"width":1440},{"fx":1804.1605224609375,"fy":1804.1605224609375,"height":1920,"id":28,"img_name":"frame_00170.jpg","position":[0.14858895540237427,0.26490840315818787,-0.04855624586343765],"rotation":[[0.14039915800094604,-0.9837933778762817,0.11152912676334381],[0.9604911804199219,0.16267389059066772,0.22581824660301208],[-0.24030135571956635,0.07541805505752563,0.967764139175415]],"width":1440},{"fx":1804.1605224609375,"fy":1804.1605224609375,"height":1920,"id":29,"img_name":"frame_00176.jpg","position":[0.02637888491153717,0.30923888087272644,-0.029221363365650177],"rotation":[[0.14843910932540894,-0.982865571975708,0.10927519202232361],[0.9631307125091553,0.16875380277633667,0.20952674746513367],[-0.22437724471092224,0.07414432615041733,0.9716776609420776]],"width":1440},{"fx":1804.1605224609375,"fy":1804.1605224609375,"height":1920,"id":30,"img_name":"frame_00182.jpg","position":[-0.28394800424575806,0.31670987606048584,0.0005368514102883637],"rotation":[[0.14163446426391602,-0.9555635452270508,0.2585304081439972],[0.9656742811203003,0.19081658124923706,0.176244854927063],[-0.21774506568908691,0.22469383478164673,0.9497893452644348]],"width":1440},{"fx":1804.1605224609375,"fy":1804.1605224609375,"height":1920,"id":31,"img_name":"frame_00188.jpg","position":[-0.5616639852523804,0.33010831475257874,0.09754417091608047],"rotation":[[0.10580050945281982,-0.9099177122116089,0.4010689854621887],[0.9631181955337524,0.1941189169883728,0.1863367259502411],[-0.24740616977214813,0.36656227707862854,0.8968959450721741]],"width":1440},{"fx":1804.1605224609375,"fy":1804.1605224609375,"height":1920,"id":32,"img_name":"frame_00194.jpg","position":[-0.6641817092895508,0.3593226969242096,0.356572687625885],"rotation":[[0.030933082103729248,-0.9056478142738342,0.4229012429714203],[0.9697156548500061,0.129746675491333,0.206924170255661],[-0.24227049946784973,0.4036930501461029,0.8822340965270996]],"width":1440},{"fx":1804.1605224609375,"fy":1804.1605224609375,"height":1920,"id":33,"img_name":"frame_00200.jpg","position":[-0.7708846926689148,0.29179829359054565,0.4130820333957672],"rotation":[[0.05765146017074585,-0.8305932283401489,0.5538873672485352],[0.980027437210083,0.15285354852676392,0.1272083967924118],[-0.19032207131385803,0.5354910492897034,0.8228163719177246]],"width":1440},{"fx":1804.1605224609375,"fy":1804.1605224609375,"height":1920,"id":34,"img_name":"frame_00206.jpg","position":[-0.9725203514099121,0.16172969341278076,0.4922470450401306],"rotation":[[-0.015645146369934082,-0.7100253105163574,0.704002320766449],[0.9887639284133911,0.09369957447052002,0.11647462844848633],[-0.148664653301239,0.6979143619537354,0.700581431388855]],"width":1440},{"fx":1804.1605224609375,"fy":1804.1605224609375,"height":1920,"id":35,"img_name":"frame_00212.jpg","position":[-1.0,-0.03962240368127823,0.5452215671539307],"rotation":[[-0.018749237060546875,-0.7251922488212585,0.6882911920547485],[0.9942641854286194,0.05897629261016846,0.08922219276428223],[-0.10529613494873047,0.6860160827636719,0.7199268341064453]],"width":1440},{"fx":1804.1605224609375,"fy":1804.1605224609375,"height":1920,"id":36,"img_name":"frame_00218.jpg","position":[-0.9397425651550293,-0.2274223119020462,0.5507473945617676],"rotation":[[-0.021427035331726074,-0.7818407416343689,0.6231101155281067],[0.9918728470802307,0.06156027317047119,0.11134985089302063],[-0.12541675567626953,0.6204317808151245,0.7741673588752747]],"width":1440},{"fx":1804.1605224609375,"fy":1804.1605224609375,"height":1920,"id":37,"img_name":"frame_00224.jpg","position":[-0.9504238963127136,-0.39875566959381104,0.481318861246109],"rotation":[[-0.03663134574890137,-0.7980880737304688,0.6014262437820435],[0.9959049224853516,0.020621418952941895,0.08802244067192078],[-0.08265188336372375,0.6021877527236938,0.7940645813941956]],"width":1440},{"fx":1804.1605224609375,"fy":1804.1605224609375,"height":1920,"id":38,"img_name":"frame_00230.jpg","position":[-0.9272306561470032,-0.4315631687641144,0.40986090898513794],"rotation":[[-0.04542219638824463,-0.7935299873352051,0.6068336963653564],[0.9970846176147461,0.0012701153755187988,0.07629382610321045],[-0.061312198638916016,0.6085299253463745,0.7911587357521057]],"width":1440},{"fx":1804.1605224609375,"fy":1804.1605224609375,"height":1920,"id":39,"img_name":"frame_00236.jpg","position":[-0.8462498188018799,-0.37938442826271057,0.31883397698402405],"rotation":[[-0.03003692626953125,-0.7810857892036438,0.6237008571624756],[0.9941601157188416,0.04136008024215698,0.09967485070228577],[-0.10365095734596252,0.6230524778366089,0.7752819657325745]],"width":1440},{"fx":1804.1605224609375,"fy":1804.1605224609375,"height":1920,"id":40,"img_name":"frame_00241.jpg","position":[-0.8102145791053772,0.00848387647420168,0.11015057563781738],"rotation":[[0.05909430980682373,-0.889947235584259,0.4522187113761902],[0.9822000861167908,0.13274890184402466,0.13289378583431244],[-0.17830002307891846,0.43631595373153687,0.8819509744644165]],"width":1440},{"fx":1804.1605224609375,"fy":1804.1605224609375,"height":1920,"id":41,"img_name":"frame_00247.jpg","position":[-0.63821941614151,0.20647265017032623,-0.09258721023797989],"rotation":[[0.03756415843963623,-0.887065589427948,0.4601125419139862],[0.9653556942939758,0.15119093656539917,0.21267291903495789],[-0.2582196295261383,0.436183363199234,0.8620131611824036]],"width":1440},{"fx":1804.1605224609375,"fy":1804.1605224609375,"height":1920,"id":42,"img_name":"frame_00253.jpg","position":[-0.5541508197784424,0.23037980496883392,-0.16986820101737976],"rotation":[[-0.10257887840270996,-0.9050650596618652,0.4127163887023926],[0.958608865737915,0.020841538906097412,0.2839624285697937],[-0.2656061053276062,0.42476212978363037,0.865465521812439]],"width":1440},{"fx":1804.1605224609375,"fy":1804.1605224609375,"height":1920,"id":43,"img_name":"frame_00259.jpg","position":[-0.5301129221916199,0.2608411908149719,-0.1930525153875351],"rotation":[[-0.15698111057281494,-0.8982352614402771,0.41052448749542236],[0.9495205283164978,-0.022954463958740234,0.3128640353679657],[-0.27160215377807617,0.4389151632785797,0.8564962148666382]],"width":1440},{"fx":1804.1605224609375,"fy":1804.1605224609375,"height":1920,"id":44,"img_name":"frame_00265.jpg","position":[-0.48186713457107544,0.26381903886795044,-0.21395862102508545],"rotation":[[-0.16283249855041504,-0.8833712935447693,0.43947774171829224],[0.9555971026420593,-0.03032243251800537,0.2931121289730072],[-0.24560081958770752,0.4676918089389801,0.8490845561027527]],"width":1440}]